Experiment date: 2013_10_10_7_38_44
SesNo	Trial	BlockAncher	PrepOn	StimOn	StimOff	KeyPressTime	Keypress	BeepOn
2	1	14794.464	14801.730	14801.980	14803.736	14803.732		14802.288
2	2	14794.464	14806.230	14806.480	14807.210	14807.200	b	0.000
2	3	14794.464	14813.230	14813.480	14814.300	14814.298	b	0.000
2	4	14794.464	14816.980	14817.230	14817.801	14817.799	b	0.000
2	5	14794.464	14822.229	14822.479	14823.267	14823.265	y	0.000
2	6	14794.464	14829.729	14829.979	14830.550	14830.548	y	0.000
2	7	14794.464	14835.229	14835.479	14836.233	14836.231	y	0.000
2	8	14794.464	14840.479	14840.729	14841.633	14841.631	b	0.000
2	9	14794.464	14843.479	14843.729	14845.483	14845.481		14844.033
2	10	14794.464	14848.229	14848.479	14850.236	14850.233		14848.816
2	11	14794.464	14852.729	14852.979	14853.568	14853.565	b	0.000
2	12	14794.464	14856.229	14856.479	14856.949	14856.947	y	0.000
2	13	14794.464	14862.978	14863.228	14864.982	14864.980		14863.532
2	14	14794.464	14866.728	14866.978	14867.582	14867.580	y	14867.283
2	15	14794.464	14869.728	14869.978	14870.503	14870.500	b	14870.320
2	16	14794.464	14877.228	14877.478	14878.066	14878.064	y	0.000
2	17	14794.464	14880.728	14880.978	14881.548	14881.547	b	0.000
2	18	14794.464	14885.978	14886.228	14886.986	14886.982	y	0.000
2	19	14794.464	14889.228	14889.478	14890.132	14890.130	b	14889.770
2	20	14794.464	14894.978	14895.228	14895.915	14895.913	y	0.000
2	21	14794.464	14898.478	14898.728	14899.116	14899.114	b	0.000
2	22	14794.464	14902.977	14903.227	14903.798	14903.796	y	0.000
2	23	14794.464	14907.477	14907.727	14908.498	14908.496	y	0.000
2	24	14794.464	14911.477	14911.727	14912.281	14912.279	b	0.000
2	25	14794.464	14914.477	14914.727	14915.365	14915.363	y	0.000
2	26	14794.464	14920.227	14920.477	14921.081	14921.079	b	0.000
2	27	14794.464	14925.727	14925.977	14926.531	14926.529	b	0.000
2	28	14794.464	14928.727	14928.977	14929.464	14929.463	b	0.000
2	29	14794.464	14934.227	14934.477	14936.231	14936.229		14934.731
2	30	14794.464	14938.227	14938.477	14940.230	14940.229		14938.831
2	31	14794.464	14942.476	14942.726	14943.147	14943.145	b	0.000
2	32	14794.464	14946.476	14946.726	14947.264	14947.262	y	0.000
2	33	14794.464	14950.976	14951.226	14952.430	14952.428	y	0.000
2	34	14794.464	14956.476	14956.726	14958.297	14958.295	b	0.000
2	35	14794.464	14964.726	14964.976	14966.729	14966.728		14965.365
2	36	14794.464	14968.226	14968.476	14969.013	14969.011	y	0.000
2	37	14794.464	14973.476	14973.726	14974.163	14974.161	b	0.000
2	38	14794.464	14976.475	14976.725	14977.379	14977.378	b	0.000
2	39	14794.464	14981.975	14982.225	14983.130	14983.128	b	0.000
2	40	14794.464	14991.725	14991.975	14992.529	14992.527	y	0.000
2	41	14794.464	14995.225	14995.475	14996.229	14996.227	b	0.000
2	42	14794.464	15000.225	15000.475	15000.963	15000.961	y	0.000
2	43	14794.464	15009.975	15010.225	15010.829	15010.827	y	0.000
2	44	14794.464	15017.724	15017.974	15018.595	15018.593	y	0.000
2	45	14794.464	15020.974	15021.224	15022.978	15022.976		15021.562
2	46	14794.464	15024.474	15024.724	15025.179	15025.177	y	0.000
2	47	14794.464	15032.724	15032.974	15033.582	15033.579	b	15033.279
2	48	14794.464	15036.474	15036.724	15038.479	15038.477		15037.012
2	49	14794.464	15044.224	15044.474	15045.044	15045.042	b	0.000
2	50	14794.464	15047.474	15047.724	15048.328	15048.326	b	0.000
2	51	14794.464	15051.224	15051.474	15052.028	15052.026	y	0.000
2	52	14794.464	15057.724	15057.974	15058.511	15058.509	y	15058.261
2	53	14794.464	15061.474	15061.724	15062.431	15062.428	b	0.000
2	54	14794.464	15064.723	15064.973	15065.744	15065.742	b	0.000
2	55	14794.464	15069.223	15069.473	15070.044	15070.042	y	0.000
2	56	14794.464	15072.723	15072.973	15073.527	15073.525	b	0.000
2	57	14794.464	15082.473	15082.723	15083.294	15083.292	y	0.000
2	58	14794.464	15086.223	15086.473	15088.226	15088.225		15086.727
2	59	14794.464	15092.473	15092.723	15093.310	15093.308	b	0.000
2	60	14794.464	15101.972	15102.222	15102.993	15102.991	y	0.000
2	61	14794.464	15108.722	15108.972	15109.643	15109.641	b	0.000
2	62	14794.464	15118.722	15118.972	15119.526	15119.524	b	0.000
2	63	14794.464	15123.722	15123.972	15124.542	15124.541	y	0.000
2	64	14794.464	15127.222	15127.472	15127.943	15127.941	b	0.000
2	65	14794.464	15132.222	15132.472	15133.010	15133.008	y	0.000
2	66	14794.464	15135.471	15135.721	15136.442	15136.440	b	0.000
2	67	14794.464	15141.471	15141.721	15142.359	15142.357	b	0.000
2	68	14794.464	15144.721	15144.971	15145.925	15145.923	y	0.000
2	69	14794.464	15150.721	15150.971	15151.859	15151.857	b	0.000
2	70	14794.464	15155.221	15155.471	15156.825	15156.823	y	0.000
2	71	14794.464	15158.971	15159.221	15160.974	15160.973		15159.510
2	72	14794.464	15162.721	15162.971	15163.526	15163.524	y	0.000
2	73	14794.464	15166.471	15166.721	15168.474	15168.473		15167.075
2	74	14794.464	15169.971	15170.221	15170.791	15170.789	b	0.000
2	75	14794.464	15174.221	15174.471	15174.975	15174.973	b	0.000
2	76	14794.464	15177.220	15177.470	15177.941	15177.939	y	15177.774
2	77	14794.464	15181.220	15181.470	15182.008	15182.006	y	15181.875
2	78	14794.464	15188.470	15188.720	15190.474	15190.472		15189.095
2	79	14794.464	15191.970	15192.220	15192.757	15192.756	b	15192.508
2	80	14794.464	15198.220	15198.470	15199.257	15199.255	y	0.000
2	81	14794.464	15201.720	15201.970	15202.591	15202.588	y	0.000
2	82	14794.464	15205.220	15205.470	15206.407	15206.405	y	0.000
2	83	14794.464	15208.970	15209.220	15209.824	15209.822	y	0.000
2	84	14794.464	15215.219	15215.470	15216.040	15216.038	y	0.000
