Experiment date: 2013_10_15_7_52_48
SesNo	Trial	BlockAncher	PrepOn	StimOn	StimOff	KeyPressTime	Keypress	BeepOn
3	1	108948.277	108952.044	108952.294	108952.767	108952.762	b	0.000
3	2	108948.277	108955.044	108955.294	108955.697	108955.695	y	108955.600
3	3	108948.277	108959.793	108960.043	108960.680	108960.679	b	0.000
3	4	108948.277	108964.793	108965.043	108965.763	108965.762	b	0.000
3	5	108948.277	108968.043	108968.293	108968.847	108968.845	y	0.000
3	6	108948.277	108974.043	108974.293	108975.197	108975.195	b	0.000
3	7	108948.277	108980.793	108981.043	108981.697	108981.695	y	0.000
3	8	108948.277	108984.043	108984.293	108985.463	108985.461	y	0.000
3	9	108948.277	108993.543	108993.793	108994.363	108994.361	y	0.000
3	10	108948.277	109001.792	109002.042	109002.729	109002.728	y	0.000
3	11	108948.277	109009.542	109009.792	109010.403	109010.397	y	109010.096
3	12	108948.277	109015.042	109015.292	109017.045	109017.044		109015.597
3	13	108948.277	109021.542	109021.792	109023.545	109023.544		109022.096
3	14	108948.277	109028.042	109028.292	109028.916	109028.912	y	0.000
3	15	108948.277	109031.041	109031.292	109031.930	109031.928	b	0.000
3	16	108948.277	109036.291	109036.541	109037.164	109037.161	y	0.000
3	17	108948.277	109040.541	109040.791	109042.545	109042.543		109041.133
3	18	108948.277	109046.791	109047.041	109047.528	109047.526	y	0.000
3	19	108948.277	109052.041	109052.291	109052.796	109052.794	b	109052.578
3	20	108948.277	109059.041	109059.291	109060.361	109060.359	y	0.000
3	21	108948.277	109062.291	109062.541	109063.128	109063.126	y	0.000
3	22	108948.277	109066.041	109066.291	109066.911	109066.909	y	0.000
3	23	108948.277	109069.541	109069.791	109070.294	109070.292	b	0.000
3	24	108948.277	109075.790	109076.040	109077.794	109077.792		109076.328
3	25	108948.277	109080.040	109080.290	109081.027	109081.026	b	0.000
3	26	108948.277	109086.540	109086.790	109087.544	109087.542	b	0.000
3	27	108948.277	109090.290	109090.540	109091.394	109091.392	y	0.000
3	28	108948.277	109096.540	109096.790	109097.527	109097.525	b	0.000
3	29	108948.277	109100.040	109100.290	109101.027	109101.025	y	0.000
3	30	108948.277	109103.290	109103.540	109104.127	109104.125	y	109103.844
3	31	108948.277	109109.790	109110.040	109111.793	109111.791		109110.327
3	32	108948.277	109114.039	109114.290	109114.910	109114.908	y	0.000
3	33	108948.277	109123.539	109123.789	109124.560	109124.558	y	0.000
3	34	108948.277	109129.039	109129.289	109131.043	109131.041		109129.630
3	35	108948.277	109132.539	109132.789	109134.546	109134.543		109133.147
3	36	108948.277	109135.539	109135.789	109136.393	109136.391	y	0.000
3	37	108948.277	109140.289	109140.539	109140.959	109140.958	b	0.000
3	38	108948.277	109143.539	109143.789	109144.326	109144.324	y	0.000
3	39	108948.277	109152.039	109152.289	109152.876	109152.874	y	0.000
3	40	108948.277	109155.538	109155.788	109157.542	109157.540		109156.176
3	41	108948.277	109159.788	109160.038	109161.361	109161.359	b	0.000
3	42	108948.277	109163.538	109163.788	109164.459	109164.457	b	0.000
3	43	108948.277	109167.288	109167.538	109168.492	109168.490	b	0.000
3	44	108948.277	109171.538	109171.788	109172.808	109172.807	y	0.000
3	45	108948.277	109175.538	109175.788	109176.458	109176.456	y	0.000
3	46	108948.277	109178.788	109179.038	109180.791	109180.790		109179.292
3	47	108948.277	109184.288	109184.538	109185.041	109185.040	b	0.000
3	48	108948.277	109189.538	109189.788	109190.241	109190.240	y	0.000
3	49	108948.277	109192.787	109193.037	109193.793	109193.791	b	0.000
3	50	108948.277	109199.037	109199.287	109199.958	109199.956	y	0.000
3	51	108948.277	109202.287	109202.537	109203.424	109203.422	b	0.000
3	52	108948.277	109205.787	109206.037	109206.658	109206.656	y	0.000
3	53	108948.277	109208.787	109209.037	109209.675	109209.673	b	0.000
3	54	108948.277	109215.537	109215.787	109216.291	109216.289	y	109216.074
3	55	108948.277	109221.787	109222.037	109222.711	109222.708	y	0.000
3	56	108948.277	109225.037	109225.287	109225.824	109225.822	b	0.000
3	57	108948.277	109230.287	109230.537	109231.240	109231.238	y	0.000
3	58	108948.277	109235.286	109235.536	109236.507	109236.505	y	0.000
3	59	108948.277	109239.786	109240.036	109240.873	109240.872	b	0.000
3	60	108948.277	109244.786	109245.036	109246.790	109246.788		109245.343
3	61	108948.277	109248.036	109248.286	109248.973	109248.971	y	109248.640
3	62	108948.277	109252.536	109252.786	109254.073	109254.071	y	0.000
3	63	108948.277	109256.036	109256.286	109256.923	109256.921	b	0.000
3	64	108948.277	109265.036	109265.286	109265.906	109265.904	y	109265.690
3	65	108948.277	109270.286	109270.536	109272.289	109272.287		109270.790
3	66	108948.277	109276.535	109276.785	109277.689	109277.687	b	0.000
3	67	108948.277	109281.285	109281.535	109282.173	109282.171	b	0.000
3	68	108948.277	109284.535	109284.785	109285.522	109285.520	y	0.000
3	69	108948.277	109289.285	109289.535	109290.072	109290.070	b	0.000
3	70	108948.277	109295.035	109295.285	109295.872	109295.871	b	0.000
3	71	108948.277	109299.035	109299.285	109300.155	109300.153	y	0.000
3	72	108948.277	109307.784	109308.034	109308.672	109308.670	b	0.000
3	73	108948.277	109317.784	109318.034	109318.688	109318.686	y	109318.372
3	74	108948.277	109321.784	109322.034	109323.789	109323.787		109322.322
3	75	108948.277	109325.784	109326.034	109326.874	109326.871	b	0.000
3	76	108948.277	109330.534	109330.784	109331.788	109331.786	b	0.000
3	77	108948.277	109335.534	109335.784	109337.171	109337.169	b	0.000
3	78	108948.277	109341.034	109341.284	109342.171	109342.169	y	0.000
3	79	108948.277	109349.284	109349.534	109351.288	109351.286		109349.921
3	80	108948.277	109353.534	109353.784	109354.404	109354.402	y	0.000
3	81	108948.277	109360.034	109360.284	109360.938	109360.936	y	0.000
3	82	108948.277	109363.283	109363.533	109364.137	109364.135	y	0.000
3	83	108948.277	109367.783	109368.033	109368.589	109368.587	y	0.000
3	84	108948.277	109371.033	109371.283	109372.220	109372.218	b	0.000
