Experiment date: 2013_10_29_7_46_23
SesNo	Trial	BlockAncher	PrepOn	StimOn	StimOff	KeyPressTime	Keypress	BeepOn
5	1	19327.218	19328.235	19328.485	19329.499	19329.487	b	0.000
5	2	19327.218	19331.484	19331.735	19332.272	19332.270	y	0.000
5	3	19327.218	19339.484	19339.734	19341.488	19341.486		19340.039
5	4	19327.218	19343.734	19343.984	19344.692	19344.689	b	0.000
5	5	19327.218	19347.234	19347.484	19348.308	19348.305	b	0.000
5	6	19327.218	19355.984	19356.234	19356.854	19356.852	b	19356.571
5	7	19327.218	19359.234	19359.484	19361.237	19361.236		19359.787
5	8	19327.218	19367.484	19367.734	19369.487	19369.485		19368.075
5	9	19327.218	19371.733	19371.983	19372.754	19372.752	b	0.000
5	10	19327.218	19377.733	19377.983	19379.124	19379.121	y	0.000
5	11	19327.218	19381.483	19381.733	19382.373	19382.369	b	0.000
5	12	19327.218	19389.233	19389.483	19390.037	19390.035	b	0.000
5	13	19327.218	19397.233	19397.483	19398.470	19398.468	b	0.000
5	14	19327.218	19403.233	19403.483	19404.036	19404.035	b	0.000
5	15	19327.218	19409.482	19409.732	19410.303	19410.301	y	19410.036
5	16	19327.218	19413.482	19413.732	19414.370	19414.368	y	0.000
5	17	19327.218	19418.232	19418.482	19419.386	19419.384	y	0.000
5	18	19327.218	19423.232	19423.482	19424.036	19424.034	y	0.000
5	19	19327.218	19428.482	19428.732	19429.303	19429.301	y	0.000
5	20	19327.218	19432.232	19432.482	19433.052	19433.051	b	19432.769
5	21	19327.218	19437.482	19437.732	19438.452	19438.450	b	0.000
5	22	19327.218	19440.732	19440.982	19442.286	19442.284	y	0.000
5	23	19327.218	19446.982	19447.232	19448.985	19448.983		19447.536
5	24	19327.218	19450.731	19450.981	19451.585	19451.583	y	0.000
5	25	19327.218	19460.731	19460.981	19461.818	19461.816	y	0.000
5	26	19327.218	19466.981	19467.231	19467.802	19467.800	y	0.000
5	27	19327.218	19469.981	19470.231	19470.852	19470.850	y	0.000
5	28	19327.218	19474.231	19474.481	19475.001	19474.999	b	0.000
5	29	19327.218	19478.981	19479.231	19479.718	19479.716	y	0.000
5	30	19327.218	19483.231	19483.481	19485.234	19485.232		19483.834
5	31	19327.218	19486.231	19486.481	19487.101	19487.099	b	19486.785
5	32	19327.218	19490.480	19490.730	19492.484	19492.482		19491.068
5	33	19327.218	19493.730	19493.980	19495.734	19495.732		19494.235
5	34	19327.218	19497.980	19498.230	19498.951	19498.949	b	0.000
5	35	19327.218	19500.980	19501.230	19501.901	19501.899	b	0.000
5	36	19327.218	19504.480	19504.730	19505.684	19505.682	y	0.000
5	37	19327.218	19507.980	19508.230	19509.067	19509.065	y	0.000
5	38	19327.218	19513.980	19514.230	19514.867	19514.865	y	0.000
5	39	19327.218	19518.480	19518.730	19519.450	19519.448	b	0.000
5	40	19327.218	19524.980	19525.230	19525.884	19525.882	b	0.000
5	41	19327.218	19531.729	19531.979	19533.733	19533.731		19532.366
5	42	19327.218	19537.979	19538.229	19539.983	19539.981		19538.521
5	43	19327.218	19541.729	19541.979	19542.533	19542.531	b	0.000
5	44	19327.218	19549.729	19549.979	19550.549	19550.547	b	0.000
5	45	19327.218	19554.229	19554.479	19555.166	19555.164	b	0.000
5	46	19327.218	19558.729	19558.979	19559.716	19559.714	b	0.000
5	47	19327.218	19562.728	19562.979	19563.616	19563.614	y	0.000
5	48	19327.218	19566.728	19566.978	19568.732	19568.730		19567.265
5	49	19327.218	19574.728	19574.978	19575.865	19575.864	b	0.000
5	50	19327.218	19579.228	19579.478	19580.232	19580.230	y	0.000
5	51	19327.218	19583.728	19583.978	19584.532	19584.530	y	0.000
5	52	19327.218	19588.228	19588.478	19589.232	19589.230	y	0.000
5	53	19327.218	19591.228	19591.478	19591.982	19591.980	y	0.000
5	54	19327.218	19596.228	19596.478	19597.015	19597.013	y	0.000
5	55	19327.218	19605.977	19606.227	19606.898	19606.896	y	0.000
5	56	19327.218	19609.477	19609.727	19610.615	19610.613	b	0.000
5	57	19327.218	19619.477	19619.727	19621.480	19621.479		19620.081
5	58	19327.218	19626.477	19626.727	19627.097	19627.095	b	0.000
5	59	19327.218	19630.727	19630.977	19631.398	19631.396	y	0.000
5	60	19327.218	19636.227	19636.477	19637.048	19637.046	y	0.000
5	61	19327.218	19642.976	19643.226	19644.030	19644.028	b	0.000
5	62	19327.218	19647.226	19647.476	19648.130	19648.128	y	0.000
5	63	19327.218	19650.976	19651.226	19651.947	19651.945	b	0.000
5	64	19327.218	19657.976	19658.226	19659.979	19659.978		19658.630
5	65	19327.218	19662.976	19663.226	19663.980	19663.978	b	0.000
5	66	19327.218	19666.726	19666.976	19667.613	19667.611	b	0.000
5	67	19327.218	19672.726	19672.976	19674.729	19674.727		19673.413
5	68	19327.218	19676.225	19676.475	19677.063	19677.061	y	0.000
5	69	19327.218	19681.225	19681.475	19681.963	19681.961	b	0.000
5	70	19327.218	19687.475	19687.725	19688.263	19688.261	b	0.000
5	71	19327.218	19691.475	19691.725	19692.329	19692.327	b	0.000
5	72	19327.218	19694.725	19694.975	19695.496	19695.494	b	19695.279
5	73	19327.218	19698.725	19698.975	19699.546	19699.544	y	0.000
5	74	19327.218	19702.975	19703.225	19703.929	19703.927	b	0.000
5	75	19327.218	19707.475	19707.725	19709.479	19709.477		19708.028
5	76	19327.218	19710.725	19710.975	19712.062	19712.060	y	19711.314
5	77	19327.218	19715.974	19716.224	19717.012	19717.010	b	0.000
5	78	19327.218	19721.974	19722.224	19722.812	19722.810	y	0.000
5	79	19327.218	19724.974	19725.224	19725.828	19725.826	b	0.000
5	80	19327.218	19733.724	19733.974	19734.545	19734.543	b	0.000
5	81	19327.218	19737.224	19737.474	19738.078	19738.076	y	19737.761
5	82	19327.218	19740.475	19740.725	19741.444	19741.442	y	0.000
5	83	19327.218	19745.724	19745.974	19746.744	19746.742	y	0.000
5	84	19327.218	19751.474	19751.724	19752.411	19752.409	y	0.000
