Experiment date: 2013_10_22_7_40_34
SesNo	Trial	BlockAncher	PrepOn	StimOn	StimOff	KeyPressTime	Keypress	BeepOn
4	1	151217.929	151218.946	151219.196	151219.994	151219.981	y	0.000
4	2	151217.929	151223.446	151223.696	151224.567	151224.564	y	0.000
4	3	151217.929	151229.446	151229.696	151230.333	151230.331	y	0.000
4	4	151217.929	151233.945	151234.195	151235.116	151235.114	b	151234.500
4	5	151217.929	151238.695	151238.945	151240.082	151240.081	y	0.000
4	6	151217.929	151242.195	151242.445	151243.120	151243.116	y	0.000
4	7	151217.929	151245.945	151246.195	151247.949	151247.947		151246.503
4	8	151217.929	151251.695	151251.945	151252.516	151252.514	y	0.000
4	9	151217.929	151255.695	151255.945	151257.699	151257.697		151256.249
4	10	151217.929	151259.695	151259.945	151261.215	151261.213	y	0.000
4	11	151217.929	151264.445	151264.695	151265.302	151265.299	b	0.000
4	12	151217.929	151272.694	151272.945	151273.899	151273.897	b	0.000
4	13	151217.929	151279.944	151280.194	151280.884	151280.880	b	0.000
4	14	151217.929	151283.944	151284.194	151285.951	151285.948		151284.486
4	15	151217.929	151286.944	151287.194	151288.049	151288.047	y	0.000
4	16	151217.929	151293.444	151293.694	151295.264	151295.263	b	0.000
4	17	151217.929	151302.944	151303.194	151303.798	151303.796	y	0.000
4	18	151217.929	151312.444	151312.694	151313.331	151313.329	y	0.000
4	19	151217.929	151316.943	151317.193	151317.697	151317.695	b	0.000
4	20	151217.929	151319.943	151320.193	151320.864	151320.862	b	0.000
4	21	151217.929	151323.443	151323.693	151324.280	151324.279	b	0.000
4	22	151217.929	151328.943	151329.193	151329.714	151329.712	b	151329.531
4	23	151217.929	151333.443	151333.693	151334.180	151334.178	y	151333.997
4	24	151217.929	151337.693	151337.943	151338.663	151338.662	b	0.000
4	25	151217.929	151341.943	151342.193	151342.997	151342.995	y	0.000
4	26	151217.929	151344.943	151345.193	151345.847	151345.845	b	0.000
4	27	151217.929	151348.443	151348.693	151350.446	151350.445		151348.980
4	28	151217.929	151353.943	151354.193	151354.815	151354.813	b	0.000
4	29	151217.929	151358.692	151358.942	151359.946	151359.944	b	0.000
4	30	151217.929	151362.942	151363.192	151363.813	151363.811	y	0.000
4	31	151217.929	151372.192	151372.442	151372.996	151372.994	b	0.000
4	32	151217.929	151380.942	151381.192	151382.945	151382.944		151381.496
4	33	151217.929	151383.942	151384.192	151385.062	151385.060	b	0.000
4	34	151217.929	151387.192	151387.442	151387.996	151387.994	b	0.000
4	35	151217.929	151394.192	151394.442	151395.813	151395.811	y	151394.746
4	36	151217.929	151398.691	151398.941	151399.695	151399.693	b	0.000
4	37	151217.929	151402.191	151402.441	151403.012	151403.010	y	0.000
4	38	151217.929	151412.191	151412.441	151413.245	151413.243	y	0.000
4	39	151217.929	151415.941	151416.191	151416.862	151416.860	y	0.000
4	40	151217.929	151421.691	151421.941	151422.528	151422.526	y	151422.247
4	41	151217.929	151425.191	151425.441	151427.194	151427.193		151425.778
4	42	151217.929	151429.691	151429.941	151430.745	151430.743	y	0.000
4	43	151217.929	151434.940	151435.190	151436.261	151436.259	b	0.000
4	44	151217.929	151438.190	151438.440	151439.195	151439.193	y	0.000
4	45	151217.929	151442.440	151442.690	151443.228	151443.226	y	0.000
4	46	151217.929	151447.440	151447.690	151448.344	151448.342	y	0.000
4	47	151217.929	151453.190	151453.440	151454.744	151454.742	b	0.000
4	48	151217.929	151458.690	151458.940	151460.027	151460.025	y	0.000
4	49	151217.929	151463.440	151463.690	151464.227	151464.225	b	0.000
4	50	151217.929	151466.690	151466.940	151467.560	151467.558	b	0.000
4	51	151217.929	151471.690	151471.940	151472.543	151472.542	y	0.000
4	52	151217.929	151477.439	151477.689	151479.447	151479.444		151477.981
4	53	151217.929	151481.189	151481.439	151483.193	151483.191		151481.731
4	54	151217.929	151490.689	151490.939	151491.576	151491.574	y	0.000
4	55	151217.929	151494.439	151494.689	151495.509	151495.508	y	0.000
4	56	151217.929	151497.689	151497.939	151499.693	151499.691		151498.276
4	57	151217.929	151501.439	151501.689	151503.443	151503.442		151501.993
4	58	151217.929	151504.689	151504.939	151506.693	151506.691		151505.297
4	59	151217.929	151509.189	151509.439	151510.026	151510.024	b	0.000
4	60	151217.929	151513.689	151513.939	151514.459	151514.457	b	0.000
4	61	151217.929	151521.938	151522.188	151523.009	151523.007	b	0.000
4	62	151217.929	151530.188	151530.438	151530.979	151530.976	y	0.000
4	63	151217.929	151535.438	151535.688	151536.509	151536.507	b	0.000
4	64	151217.929	151540.938	151541.188	151541.775	151541.773	y	0.000
4	65	151217.929	151545.188	151545.438	151545.908	151545.906	b	0.000
4	66	151217.929	151548.688	151548.938	151549.493	151549.491	y	0.000
4	67	151217.929	151558.187	151558.437	151558.891	151558.889	y	151558.825
4	68	151217.929	151561.437	151561.687	151562.224	151562.223	b	151561.991
4	69	151217.929	151565.687	151565.937	151567.692	151567.690		151566.296
4	70	151217.929	151573.687	151573.937	151574.491	151574.489	b	0.000
4	71	151217.929	151576.687	151576.937	151577.341	151577.339	y	0.000
4	72	151217.929	151582.437	151582.687	151583.344	151583.341	b	0.000
4	73	151217.929	151586.937	151587.187	151587.990	151587.988	b	0.000
4	74	151217.929	151593.686	151593.937	151595.690	151595.688		151594.227
4	75	151217.929	151596.936	151597.186	151597.690	151597.688	b	151597.525
4	76	151217.929	151601.186	151601.436	151602.157	151602.155	b	0.000
4	77	151217.929	151604.436	151604.686	151605.240	151605.238	y	0.000
4	78	151217.929	151610.436	151610.686	151611.590	151611.589	y	0.000
4	79	151217.929	151613.936	151614.186	151614.790	151614.788	b	0.000
4	80	151217.929	151619.186	151619.436	151620.024	151620.022	y	0.000
4	81	151217.929	151623.436	151623.686	151624.392	151624.389	b	0.000
4	82	151217.929	151628.436	151628.686	151629.360	151629.357	y	0.000
4	83	151217.929	151633.185	151633.435	151633.923	151633.921	y	0.000
4	84	151217.929	151638.935	151639.185	151639.722	151639.720	y	0.000
