Experiment date: 2013_10_8_7_44_0
SesNo	Trial	BlockAncher	PrepOn	StimOn	StimOff	KeyPressTime	Keypress	BeepOn
1	1	2497.973	2499.740	2499.990	2501.138	2501.125	b	0.000
1	2	2497.973	2503.240	2503.490	2505.243	2505.242		2503.794
1	3	2497.973	2506.490	2506.740	2508.493	2508.492		2507.044
1	4	2497.973	2512.240	2512.490	2513.211	2513.208	y	0.000
1	5	2497.973	2516.990	2517.240	2517.827	2517.825	y	0.000
1	6	2497.973	2524.489	2524.739	2525.844	2525.842	b	0.000
1	7	2497.973	2528.239	2528.489	2529.243	2529.241	y	0.000
1	8	2497.973	2531.989	2532.239	2533.993	2533.991		2532.543
1	9	2497.973	2534.989	2535.239	2536.993	2536.991		2535.543
1	10	2497.973	2541.739	2541.989	2542.626	2542.624	b	0.000
1	11	2497.973	2546.739	2546.989	2547.726	2547.724	y	0.000
1	12	2497.973	2552.239	2552.489	2553.511	2553.508	y	0.000
1	13	2497.973	2557.739	2557.989	2559.061	2559.057	b	0.000
1	14	2497.973	2561.239	2561.489	2562.193	2562.191	b	0.000
1	15	2497.973	2564.488	2564.739	2565.309	2565.307	y	0.000
1	16	2497.973	2570.738	2570.988	2571.675	2571.674	y	0.000
1	17	2497.973	2575.238	2575.488	2576.075	2576.073	b	0.000
1	18	2497.973	2578.988	2579.238	2579.775	2579.773	y	0.000
1	19	2497.973	2584.738	2584.988	2585.542	2585.540	b	0.000
1	20	2497.973	2590.238	2590.488	2591.308	2591.307	y	0.000
1	21	2497.973	2593.988	2594.238	2594.708	2594.706	b	0.000
1	22	2497.973	2597.238	2597.488	2598.041	2598.040	b	2597.825
1	23	2497.973	2603.737	2603.987	2604.608	2604.606	y	0.000
1	24	2497.973	2608.237	2608.487	2608.928	2608.925	b	2608.825
1	25	2497.973	2611.237	2611.487	2612.225	2612.223	b	2611.825
1	26	2497.973	2618.987	2619.237	2620.041	2620.039	y	0.000
1	27	2497.973	2626.237	2626.487	2627.057	2627.056	y	0.000
1	28	2497.973	2632.987	2633.237	2633.874	2633.872	b	0.000
1	29	2497.973	2637.987	2638.237	2638.674	2638.672	y	2638.545
1	30	2497.973	2644.486	2644.736	2645.440	2645.438	b	0.000
1	31	2497.973	2647.736	2647.986	2649.740	2649.738		2648.290
1	32	2497.973	2654.986	2655.236	2655.940	2655.938	b	0.000
1	33	2497.973	2660.236	2660.486	2662.241	2662.239		2660.823
1	34	2497.973	2664.986	2665.236	2666.989	2666.988		2665.542
1	35	2497.973	2668.986	2669.236	2669.790	2669.788	y	2669.573
1	36	2497.973	2673.986	2674.236	2674.806	2674.804	b	0.000
1	37	2497.973	2678.486	2678.736	2679.289	2679.287	y	0.000
1	38	2497.973	2682.985	2683.235	2683.806	2683.804	b	0.000
1	39	2497.973	2692.985	2693.235	2693.773	2693.771	b	0.000
1	40	2497.973	2697.985	2698.235	2698.656	2698.654	y	0.000
1	41	2497.973	2702.485	2702.735	2703.272	2703.270	b	0.000
1	42	2497.973	2707.985	2708.235	2708.805	2708.803	b	0.000
1	43	2497.973	2711.485	2711.735	2712.123	2712.121	y	2712.072
1	44	2497.973	2714.485	2714.735	2715.339	2715.337	b	0.000
1	45	2497.973	2718.485	2718.735	2719.209	2719.206	y	0.000
1	46	2497.973	2722.984	2723.234	2723.756	2723.754	b	0.000
1	47	2497.973	2730.984	2731.234	2731.671	2731.670	y	0.000
1	48	2497.973	2735.984	2736.234	2736.671	2736.669	b	0.000
1	49	2497.973	2739.234	2739.484	2740.054	2740.053	y	0.000
1	50	2497.973	2742.984	2743.234	2743.871	2743.869	b	0.000
1	51	2497.973	2746.734	2746.984	2748.737	2748.736		2747.275
1	52	2497.973	2752.234	2752.484	2752.921	2752.920	b	0.000
1	53	2497.973	2756.984	2757.234	2757.837	2757.835	y	0.000
1	54	2497.973	2765.233	2765.483	2766.054	2766.052	b	0.000
1	55	2497.973	2769.483	2769.733	2770.420	2770.419	b	0.000
1	56	2497.973	2774.233	2774.483	2775.187	2775.185	y	0.000
1	57	2497.973	2777.983	2778.233	2778.687	2778.685	b	0.000
1	58	2497.973	2782.483	2782.733	2783.287	2783.285	y	2783.037
1	59	2497.973	2788.983	2789.233	2789.905	2789.903	y	0.000
1	60	2497.973	2796.732	2796.982	2797.653	2797.651	b	0.000
1	61	2497.973	2803.732	2803.982	2804.953	2804.951	y	0.000
1	62	2497.973	2809.732	2809.982	2810.520	2810.518	b	0.000
1	63	2497.973	2817.982	2818.232	2818.753	2818.751	y	0.000
1	64	2497.973	2822.732	2822.982	2823.506	2823.503	b	0.000
1	65	2497.973	2829.232	2829.482	2830.035	2830.034	y	2829.786
1	66	2497.973	2836.231	2836.481	2837.152	2837.150	b	0.000
1	67	2497.973	2844.231	2844.481	2845.052	2845.050	b	0.000
1	68	2497.973	2850.481	2850.731	2851.252	2851.250	y	2851.085
1	69	2497.973	2855.231	2855.481	2857.236	2857.234		2855.818
1	70	2497.973	2860.731	2860.981	2861.585	2861.583	y	0.000
1	71	2497.973	2864.481	2864.731	2865.318	2865.316	b	0.000
1	72	2497.973	2868.731	2868.981	2869.951	2869.949	b	0.000
1	73	2497.973	2871.981	2872.231	2872.934	2872.933	y	0.000
1	74	2497.973	2875.230	2875.480	2876.234	2876.233	y	0.000
1	75	2497.973	2879.230	2879.480	2880.117	2880.116	y	0.000
1	76	2497.973	2883.230	2883.480	2885.238	2885.235		2883.768
1	77	2497.973	2889.980	2890.230	2890.817	2890.816	b	0.000
1	78	2497.973	2893.230	2893.480	2894.034	2894.032	y	0.000
1	79	2497.973	2896.980	2897.230	2897.784	2897.782	y	0.000
1	80	2497.973	2903.730	2903.980	2905.737	2905.734		2904.284
1	81	2497.973	2907.480	2907.730	2908.100	2908.098	y	2908.018
1	82	2497.973	2914.230	2914.480	2915.067	2915.065	b	0.000
1	83	2497.973	2920.230	2920.480	2920.950	2920.948	y	0.000
1	84	2497.973	2925.980	2926.230	2926.800	2926.798	b	0.000
