Experiment date: 2013_11_26_7_43_27
SesNo	Trial	BlockAncher	PrepOn	StimOn	StimOff	KeyPressTime	Keypress	BeepOn
9	1	6202.655	6204.172	6204.422	6205.553	6205.540	y	0.000
9	2	6202.655	6207.172	6207.422	6208.042	6208.040	b	0.000
9	3	6202.655	6210.171	6210.421	6211.358	6211.357	b	0.000
9	4	6202.655	6219.671	6219.921	6220.558	6220.556	y	6220.229
9	5	6202.655	6226.921	6227.171	6227.691	6227.690	b	6227.475
9	6	6202.655	6230.671	6230.921	6231.541	6231.540	b	0.000
9	7	6202.655	6234.421	6234.671	6235.275	6235.273	b	0.000
9	8	6202.655	6238.421	6238.671	6239.608	6239.606	y	0.000
9	9	6202.655	6243.671	6243.921	6245.093	6245.089	b	0.000
9	10	6202.655	6248.671	6248.921	6249.441	6249.439	y	0.000
9	11	6202.655	6253.170	6253.420	6254.124	6254.122	b	0.000
9	12	6202.655	6256.170	6256.420	6257.124	6257.122	y	0.000
9	13	6202.655	6261.420	6261.670	6263.423	6263.422		6261.974
9	14	6202.655	6267.170	6267.420	6268.140	6268.139	y	0.000
9	15	6202.655	6274.420	6274.670	6276.423	6276.422		6274.957
9	16	6202.655	6283.170	6283.420	6284.207	6284.205	b	0.000
9	17	6202.655	6291.669	6291.920	6292.490	6292.488	b	0.000
9	18	6202.655	6296.669	6296.919	6297.556	6297.555	b	0.000
9	19	6202.655	6303.669	6303.919	6304.475	6304.473	y	0.000
9	20	6202.655	6307.919	6308.169	6308.673	6308.671	b	0.000
9	21	6202.655	6312.419	6312.669	6313.260	6313.257	b	0.000
9	22	6202.655	6318.919	6319.169	6320.922	6320.921		6319.474
9	23	6202.655	6322.169	6322.419	6324.172	6324.171		6322.706
9	24	6202.655	6325.919	6326.169	6327.922	6327.920		6326.506
9	25	6202.655	6328.918	6329.168	6329.672	6329.670	y	0.000
9	26	6202.655	6335.668	6335.918	6336.839	6336.837	b	0.000
9	27	6202.655	6339.918	6340.168	6340.822	6340.820	b	0.000
9	28	6202.655	6343.918	6344.168	6345.072	6345.070	y	0.000
9	29	6202.655	6347.168	6347.418	6348.539	6348.537	y	0.000
9	30	6202.655	6350.668	6350.918	6352.671	6352.670		6351.272
9	31	6202.655	6357.168	6357.418	6358.022	6358.020	y	0.000
9	32	6202.655	6361.668	6361.918	6362.438	6362.436	b	6362.226
9	33	6202.655	6366.918	6367.168	6367.771	6367.770	y	0.000
9	34	6202.655	6375.917	6376.167	6377.038	6377.036	y	0.000
9	35	6202.655	6379.667	6379.917	6380.604	6380.603	b	0.000
9	36	6202.655	6382.917	6383.167	6383.704	6383.702	y	0.000
9	37	6202.655	6387.917	6388.167	6389.254	6389.252	b	0.000
9	38	6202.655	6393.917	6394.167	6394.687	6394.686	b	0.000
9	39	6202.655	6397.167	6397.417	6397.921	6397.919	y	0.000
9	40	6202.655	6401.917	6402.167	6402.854	6402.852	y	0.000
9	41	6202.655	6410.416	6410.666	6411.220	6411.218	b	0.000
9	42	6202.655	6413.416	6413.666	6414.521	6414.519	b	0.000
9	43	6202.655	6417.416	6417.666	6418.270	6418.268	b	0.000
9	44	6202.655	6426.166	6426.416	6427.170	6427.168	b	0.000
9	45	6202.655	6429.416	6429.666	6431.419	6431.418		6430.053
9	46	6202.655	6434.416	6434.666	6435.136	6435.134	y	0.000
9	47	6202.655	6440.166	6440.416	6440.920	6440.918	b	0.000
9	48	6202.655	6446.665	6446.915	6448.669	6448.667		6447.203
9	49	6202.655	6454.165	6454.415	6455.069	6455.067	y	0.000
9	50	6202.655	6457.415	6457.665	6458.352	6458.350	y	0.000
9	51	6202.655	6460.665	6460.915	6461.535	6461.534	b	0.000
9	52	6202.655	6464.415	6464.665	6466.419	6466.417		6465.002
9	53	6202.655	6468.165	6468.415	6470.168	6470.167		6468.719
9	54	6202.655	6471.415	6471.665	6472.153	6472.151	b	6472.002
9	55	6202.655	6478.165	6478.415	6479.335	6479.333	b	0.000
9	56	6202.655	6482.165	6482.415	6483.252	6483.250	y	0.000
9	57	6202.655	6487.914	6488.164	6488.668	6488.666	b	6488.468
9	58	6202.655	6491.914	6492.164	6493.919	6493.917		6492.523
9	59	6202.655	6495.664	6495.914	6496.718	6496.716	b	0.000
9	60	6202.655	6499.164	6499.414	6500.401	6500.399	b	0.000
9	61	6202.655	6505.664	6505.914	6507.667	6507.666		6506.201
9	62	6202.655	6509.164	6509.414	6509.935	6509.933	y	0.000
9	63	6202.655	6512.664	6512.914	6514.667	6514.666		6513.318
9	64	6202.655	6522.663	6522.913	6523.367	6523.365	b	0.000
9	65	6202.655	6526.913	6527.163	6527.717	6527.715	b	0.000
9	66	6202.655	6530.663	6530.913	6531.467	6531.465	b	0.000
9	67	6202.655	6534.163	6534.413	6535.333	6535.332	y	0.000
9	68	6202.655	6539.663	6539.913	6541.666	6541.665		6540.350
9	69	6202.655	6546.663	6546.913	6547.750	6547.748	b	6547.221
9	70	6202.655	6550.413	6550.663	6551.366	6551.365	y	0.000
9	71	6202.655	6553.413	6553.663	6554.383	6554.381	y	0.000
9	72	6202.655	6563.163	6563.413	6564.166	6564.165	y	0.000
9	73	6202.655	6567.162	6567.412	6568.016	6568.014	b	0.000
9	74	6202.655	6570.162	6570.412	6571.016	6571.014	b	0.000
9	75	6202.655	6574.662	6574.912	6576.666	6576.664		6575.204
9	76	6202.655	6577.912	6578.162	6579.017	6579.015	b	0.000
9	77	6202.655	6582.162	6582.412	6583.166	6583.164	y	0.000
9	78	6202.655	6586.662	6586.912	6587.386	6587.383	b	0.000
9	79	6202.655	6590.912	6591.162	6591.786	6591.783	b	0.000
9	80	6202.655	6596.912	6597.162	6598.082	6598.080	y	0.000
9	81	6202.655	6605.911	6606.162	6606.815	6606.813	y	0.000
9	82	6202.655	6614.412	6614.662	6615.232	6615.230	b	0.000
9	83	6202.655	6617.411	6617.661	6618.232	6618.230	y	0.000
9	84	6202.655	6622.412	6622.662	6623.164	6623.163	y	0.000
